 Mã SV          |   điểm Toán   |   điểm Lý   |  điểm Tin   |   điểm Triết   |   điểm Anh văn  |   điểm TB    | Học Bổng
107190223             8             5              8                8               6              (tính)        (tính)       
101200122             7	            7              7                7               7                 	
105200092	      6             9              6                6               8                 
107200140             5             10             5                5               6                
107200142	      8             8              8                8               8                 
107200146	      9             7              9                9               9                 
107200149	      8	            5              8                8               9                 
103200222	      7             9              7                7               8                
103200226	      6             7              6                6               10               
103200228	      9	            8              9                9               10               
103200229	      5	            6              5                5               7                  
103200231	      6             8              6                6               8                 
118200175	      8             7              8                8               8                 
118200178	      9             8              9                9               10                
102200017	      6             8              6                6               10                                 
102200019	      7             5              7                7               9                                  
102200028	      4             6              4                4               5                 
102200031	      8             9              8                8               7                  